82757
82758
82759
82760
82763
82766
82767
82771
82772
82774
82775
82776
82777
82778
82779
82781
82782
82783
82784
82785
82786
82787
82788
82792
82793
82794
82795
82796
82797
82798
82799
82800
82801
82802
82804
82806
82807
82808
82810
82812
82813
82814
82815
82816
82818
82819
83437
83438
83439
83440
83441
83442
83444
83445
83447
83449
83450
83451
83453
83454
83455
83456
83457
83460
83461
83463
83467
83468
83469
83470
83471
83472
83473
83476
83477
83478
83479
83481
83482
83483
83484
83485
83486
83487
83488
83490
83491
83492
83494
83495
83496
83497
83498
83499
83500
83501
83503
83504
83505
83506
83507
83508
83509
83510
83511
83512
83513
83514
83515
83516
83517
83518
83519
83520
83522
83523
83524
83525
83526
83527
83528
83529
83535
83544
83547
83558
83561
83562
83568
83572
83581
83582
83585
83586
83587
83591
83592
83593
83594
83601
83602
83608
83609
83610
83614
83617
83620
83621
83622
83623
83624
83627
83629
83630
83642
83643
83646
83650
83651
83658
83659
83660
83661
83662
83668
83669
83670
83671
83672
83673
83674
83677
83680
83681
83686
83687
83688
83689
83690
83691
83701
83704
83705
83706
83708
83711
83713
83714
83719
83722
83725
83727
83728
83729
83732
83736
83738
83740
83741
83744
83745
83776
83777
83781
83783
83786
83788
83789
83790
83795
83798
83799
83800
83801
83803
83805
83807
83808
83811
83812
83816
83817
83818
83823
83827
83828
83829
83830
83835
83841
83842
83843
83844
83845
83846
83847
83848
83849
83852
83855
83856
83860
83863
83867
83876
83880
83882
83884
83885
83891
83892
83895
83897
83899
83900
83901
83902
83905
83907
83910
83911
83913
83915
83918
83919
83922
83929
83931
83932
83934
83936
83937
83943
83944
83957
83967
83968
83971
83972
83974
83975
83976
83977
83978
83979
83980
83983
83985
83986
83992
83994
83995
83998
83999
84004
84006
84007
84008
84009
84011
84014
84015
84018
84019
84020
84021
84022
84023
84024
84025
84033
84042
84043
84047
84048
84052
84053
84054
84055
84056
84057
84058
84059
84060
84061
84062
84063
84064
84065
84066
84067
84069
84070
84071
84072
84073
84074
84075
84076
84077
84078
84079
84080
84081
84082
84083
84084
84085
84086
84087
84091
84092
84096
84097
84098
84099
84100
84101
84105
84106
84113
84120
84121
84122
84123
84124
84125
84127
84128
84129
84130
84131
84132
84133
84134
84135
84136
84137
84138
84139
84140
84141
84142
84143
84144
84145
84146
84147
84148
84149
84150
84151
84152
84153
84156
84157
84158
84159
84164
84165
84169
84170
84174
84175
84178
84182
84183
84184
84185
84186
84187
84188
84189
84190
84192
84193
84194
84195
84196
84197
84198
84199
84200
84201
84202
84203
84204
84205
84206
84207
84208
84209
84210
84211
84212
84213
84214
84215
84216
84217
84218
84219
84220
84221
84222
84223
84224
84225
84226
84227
84228
84229
84230
84231
84232
84233
84234
84235
84236
84237
84238
84239
84240
84241
84242
84243
84244
84245
84246
84247
84248
84249
84250
84251
84252
84253
84254
84255
84256
84257
84258
84259
84260
84261
84262
84263
84264
84265
84266
84267
84268
84269
84270
84271
84272
84273
84274
84275
84276
84277
84278
84279
84280
84281
84282
84283
84284
84285
84286
84288
84289
84290
84291
84292
84293
84294
84295
84296
84297
84298
84299
84300
84301
84302
84303
84304
84305
84306
84307
84308
84309
84310
84311
84312
84313
84314
84315
84316
84319
84320
84321
84323
84324
84325
84326
84327
84328
84329
84331
84332
84334
84336
84338
84339
84340
84341
84342
84343
84344
84345
84346
84347
84348
84349
84350
84351
84352
84353
84354
84357
84358
84360
84380
84395
84396
84397
84398
84399
84401
84414
84422
84423
84428
84429
84430
84431
84433
84434
84435
84436
84437
84438
84439
84440
84441
84442
84443
84444
84445
84446
84447
84448
84449
84450
84451
84452
84506
84507
84508
84509
84510
84511
84538
84552
84553
84554
84555
84557
84558
84559
84560
84562
84563
84564
84565
84568
84569
84570
